1
51 73 2452
37
38
11
70
73
67
11
43
71
67
28
5
12
67
59
69
63
44
36
27
24
31
47
15
63
68
38
31
45
72
56
8
37
66
61
20
44
56
62
41
49
16
45
44
67
14
23
56
57
58
10
8 15
40 6
61 34
27 2
62 25
58 53
45 34
41 64
4 23
36 45
55 36
16 25
29 30
47 68
70 31
61 4
45 27
66 16
61 19
18 33
28 2
13 72
19 53
47 23
59 66
51 40
28 50
64 56
63 37
35 60
51 22
47 6
49 40
21 20
42 38
52 69
23 64
52 26
27 9
32 12
1 9
51 29
42 41
68 32
61 13
2 38
35 48
43 10
14 48
13 56
69 64
35 3
39 13
28 65
21 59
4 6
51 54
18 19
6 12
34 50
25 35
15 43
10 41
52 7
15 48
46 11
38 8
13 3
4 24
52 9
9 55
14 43
19 31
61 8
26 22
58 34
40 56
3 49
23 38
40 22
16 12
34 3
12 36
64 35
14 72
27 52
12 69
55 26
40 62
51 45
30 12
71 12
44 35
36 10
56 47
22 71
64 8
9 27
71 27
24 53
53 60
64 32
41 73
71 13
51 27
43 46
38 54
43 8
72 5
18 38
36 23
19 10
14 11
36 12
37 44
48 73
14 23
31 38
22 13
50 72
39 3
28 3
41 71
67 39
59 11
61 5
17 6
15 31
1 34
26 37
61 73
21 1
22 51
38 28
47 72
26 12
58 54
14 25
35 65
48 20
2 19
9 19
24 23
33 8
40 58
45 28
41 49
28 47
26 50
1 73
32 10
68 16
47 66
25 8
57 72
12 58
1 20
60 8
26 3
16 65
19 44
12 19
31 58
28 7
42 11
22 51
6 37
25 71
61 16
54 43
27 22
43 30
66 51
55 52
50 47
23 20
49 34
38 6
2 65
69 27
3 17
4 65
38 12
62 9
28 26
52 54
31 5
11 23
39 49
2 15
6 8
18 55
25 55
44 10
31 40
36 17
40 23
8 4
35 53
13 62
5 48
26 19
26 36
59 69
11 73
1 18
2 55
42 56
10 51
70 33
70 13
72 19
4 60
53 40
72 41
44 30
67 47
65 13
72 50
8 9
34 9
26 35
47 51
1 40
12 55
72 8
51 71
26 55
57 63
21 39
30 49
68 7
22 43
68 4
12 37
60 21
55 34
71 39
73 9
20 72
73 71
53 25
36 20
14 56
58 28
15 36
18 20
23 5
65 73
34 12
59 38
66 19
35 16
3 27
35 58
26 32
21 35
51 40
32 34
8 43
32 43
61 52
31 65
58 23
48 3
40 34
11 36
59 26
22 12
44 6
22 60
10 56
37 49
71 54
56 41
13 9
12 48
24 3
32 30
35 18
47 68
58 41
30 27
66 52
38 21
41 59
7 51
25 43
26 23
24 66
63 20
67 58
65 60
9 21
5 11
52 72
68 19
29 21
69 64
42 16
31 12
22 65
20 64
2 42
71 67
15 17
35 72
67 27
43 60
31 47
70 9
30 48
12 58
52 7
32 20
6 62
15 27
38 35
1 39
60 56
16 59
72 50
41 50
60 10
36 2
41 32
10 70
6 5
38 41
68 53
60 73
25 59
26 62
20 11
27 63
66 42
19 48
16 24
62 9
59 63
33 17
57 13
6 61
50 46
56 13
17 55
38 59
65 26
62 59
53 51
35 21
10 9
23 25
33 12
17 18
58 50
19 41
62 8
13 23
38 68
35 38
33 72
23 8
25 11
50 61
45 11
8 54
20 31
62 52
26 6
53 10
35 55
27 63
47 49
11 25
68 48
57 50
54 49
58 48
25 45
3 36
53 57
39 67
45 17
3 50
53 12
15 35
30 26
8 3
58 18
27 52
49 68
29 13
43 70
60 51
42 46
13 21
29 35
71 58
51 73
18 31
68 17
49 25
42 56
27 26
73 38
62 32
32 1
44 1
70 14
35 38
59 48
42 72
66 39
56 44
22 57
58 1
73 17
9 41
72 19
51 55
56 39
13 14
39 40
71 35
37 33
57 22
64 25
4 56
48 43
10 53
27 51
53 26
67 45
51 65
64 28
30 46
66 26
44 15
65 25
33 28
57 16
34 31
25 21
71 72
64 7
35 17
58 72
42 35
43 3
27 33
30 40
63 22
66 17
36 57
41 69
69 9
68 13
23 19
33 20
1 23
27 36
39 68
34 65
29 3
67 39
20 8
6 9
29 71
9 49
38 49
28 33
41 6
45 64
25 62
10 25
11 20
44 34
14 4
9 43
64 59
65 10
66 70
18 6
67 26
54 32
58 65
48 26
70 4
73 5
65 9
14 2
13 57
19 26
45 27
52 35
13 44
44 5
24 45
10 2
54 47
33 22
22 64
31 19
67 30
7 58
23 4
44 35
61 62
60 16
16 23
50 12
50 20
16 73
48 10
1 28
56 17
49 5
8 7
7 58
36 70
27 58
1 70
3 45
42 63
60 41
69 36
52 45
39 52
44 13
61 45
40 43
45 72
31 36
5 21
21 25
18 47
66 18
27 69
46 52
42 32
20 37
67 55
8 32
33 35
44 4
63 67
31 35
65 61
70 54
66 1
62 10
31 54
11 57
49 56
20 1
14 23
37 64
4 28
6 21
63 33
8 52
26 38
70 1
10 67
38 2
67 26
11 25
7 5
65 39
44 68
40 41
17 60
15 5
15 20
9 4
52 16
39 61
54 36
45 63
13 10
64 63
19 58
71 25
46 63
48 73
41 71
40 58
57 54
46 55
57 54
42 35
69 8
6 33
27 50
6 39
43 69
28 62
37 26
70 66
72 28
65 39
25 31
23 66
68 52
47 51
32 16
69 12
23 1
28 49
35 34
71 61
13 25
49 34
34 30
26 32
57 18
71 66
32 4
58 27
56 31
61 71
46 57
66 52
41 21
27 2
54 24
63 66
33 22
26 66
35 36
9 19
53 6
11 68
66 52
5 32
9 66
30 55
33 22
33 73
42 44
59 6
51 48
56 10
53 8
60 15
27 68
17 6
57 11
58 49
8 62
70 38
21 35
70 26
68 54
52 22
39 57
72 13
23 66
49 15
52 47
41 30
63 31
13 57
15 45
45 60
36 26
25 56
60 5
66 38
58 44
43 23
11 42
19 34
34 68
48 69
41 15
25 15
45 21
71 43
65 27
30 28
52 54
10 22
58 59
44 27
29 13
49 40
38 68
57 71
46 31
50 70
29 58
11 58
5 66
27 70
19 56
24 54
20 17
59 62
60 13
26 15
63 38
63 41
21 45
70 35
21 67
48 63
61 32
67 37
58 47
39 25
54 3
44 55
62 32
41 1
30 39
10 4
4 73
28 8
28 25
27 32
2 1
21 46
32 72
10 73
45 48
8 26
51 52
64 23
67 31
7 8
69 17
11 56
73 38
64 27
46 1
58 47
1 63
20 16
61 13
72 32
60 7
41 21
42 31
27 35
45 34
26 41
50 36
23 49
58 70
2 30
70 43
4 54
32 7
53 3
3 52
35 62
42 59
67 10
1 20
28 45
53 54
69 13
16 3
61 73
72 46
30 53
16 17
17 31
7 70
34 9
48 52
54 16
21 47
9 21
51 36
50 14
16 29
27 32
31 14
15 14
44 28
66 43
44 9
73 34
62 17
42 20
52 23
19 73
53 27
4 14
63 37
28 5
66 54
20 23
51 35
36 21
46 12
63 17
5 47
50 66
47 3
13 26
9 31
9 61
58 69
2 47
33 13
35 25
50 55
31 27
73 67
32 45
62 5
45 66
35 6
59 9
8 71
18 16
12 10
60 69
5 45
26 37
57 61
45 17
26 3
44 9
53 59
37 41
63 9
18 25
14 3
17 5
57 34
4 52
27 47
48 31
19 57
52 59
28 7
3 37
9 30
15 45
9 70
61 1
14 69
71 73
12 2
40 29
62 18
55 35
49 70
37 33
48 23
44 54
9 8
47 22
52 2
36 44
71 7
44 68
3 41
51 71
26 17
11 71
19 49
33 67
45 53
10 3
2 54
57 67
61 14
15 23
72 34
67 70
41 21
48 27
46 10
24 55
26 18
53 28
67 69
48 22
15 25
34 68
65 11
55 5
26 62
3 59
39 56
10 59
15 36
15 24
44 70
33 61
33 61
38 12
66 60
43 7
11 60
2 59
71 40
47 7
12 49
65 50
16 59
20 14
21 34
21 48
14 53
20 30
24 57
41 16
27 68
7 37
54 8
22 35
31 68
41 43
28 17
3 27
2 22
24 22
56 44
54 69
23 73
10 31
56 50
46 10
28 52
30 9
43 36
43 58
14 68
11 25
11 13
51 12
35 1
28 17
70 69
35 69
5 65
36 39
21 29
66 57
42 58
26 4
12 67
2 6
4 26
16 17
4 11
51 61
27 51
73 24
46 34
3 35
25 22
73 29
34 49
12 3
18 22
63 29
15 64
18 19
19 17
4 27
69 48
53 46
47 60
2 64
47 36
72 52
19 28
13 68
39 15
69 44
61 24
59 52
25 61
52 41
6 39
67 58
70 30
30 44
1 31
34 31
51 33
9 69
44 21
47 66
19 42
37 64
49 6
26 73
66 4
40 55
26 17
23 22
31 52
65 31
66 10
45 27
26 53
23 53
58 53
45 60
22 8
50 70
13 2
54 62
62 20
27 14
37 49
36 67
8 11
61 4
52 14
13 15
20 65
72 73
37 59
5 44
19 1
41 21
38 13
9 58
40 7
5 72
42 55
10 36
62 70
67 24
36 38
14 28
21 13
48 63
17 18
8 1
42 12
39 55
5 7
21 11
11 19
36 65
12 55
37 65
5 44
59 41
65 72
52 12
68 26
58 11
27 50
68 69
45 33
34 49
23 38
43 33
40 62
8 52
44 28
43 32
71 12
56 63
67 34
58 61
55 43
54 3
50 49
47 66
66 7
16 30
49 32
69 22
40 47
65 67
1 23
49 69
63 38
63 23
6 34
50 32
16 30
34 49
62 8
41 54
71 40
10 46
72 5
67 22
36 42
72 20
49 47
15 38
68 4
44 58
22 4
16 37
33 50
12 5
41 36
58 38
3 51
67 58
40 45
63 2
13 61
5 45
9 19
70 7
37 54
28 40
70 48
57 30
59 61
70 21
30 18
11 7
48 46
39 37
31 52
25 35
7 27
38 16
23 44
36 4
55 59
57 29
42 13
71 30
66 2
59 10
9 49
4 56
22 43
4 36
5 28
71 11
38 19
10 60
62 45
47 27
31 30
39 72
26 36
12 18
37 54
27 29
30 31
69 51
57 72
70 61
10 67
71 47
12 8
17 57
52 48
67 66
4 32
49 30
51 60
31 15
41 58
27 70
72 22
31 55
4 27
26 13
5 23
43 73
14 44
41 50
18 34
42 21
66 17
34 43
4 49
41 28
33 68
8 15
73 38
53 4
48 5
73 36
11 43
36 25
13 3
1 30
20 26
34 69
43 52
23 30
27 63
41 43
41 48
69 41
4 28
27 65
27 63
2 69
25 10
65 11
67 21
30 20
39 26
46 1
32 59
27 21
26 53
46 57
20 70
52 23
24 5
14 34
51 72
14 59
66 5
69 43
62 10
32 19
18 32
50 60
42 54
12 21
10 52
24 6
14 30
13 3
27 31
53 25
44 39
1 32
18 44
25 27
16 56
29 34
14 5
20 55
43 16
59 52
51 9
58 65
38 54
67 64
11 46
73 38
11 73
70 13
43 21
39 59
4 68
3 1
56 6
40 25
5 25
4 56
18 45
47 55
9 24
30 20
69 29
57 64
28 37
3 55
58 25
24 45
3 10
45 59
15 68
10 4
4 70
43 21
25 73
2 34
23 31
53 2
43 20
65 71
57 51
36 25
60 59
69 62
52 24
47 66
19 41
53 6
21 22
26 46
21 11
6 43
26 42
29 68
61 20
49 28
55 11
52 41
53 47
13 31
55 44
8 57
68 60
62 15
9 14
44 13
24 33
40 49
1 68
44 46
71 3
57 52
14 36
3 66
66 73
24 47
43 15
30 37
1 2
35 66
15 6
63 23
38 29
71 23
7 25
68 4
28 35
40 25
70 26
1 47
25 8
4 67
22 18
30 23
19 65
72 34
54 61
56 18
16 37
24 22
46 2
10 57
37 49
65 33
1 65
63 10
73 67
3 21
11 17
43 13
8 42
46 45
13 12
62 29
33 13
34 62
14 43
45 50
2 36
67 60
27 40
69 10
33 71
31 27
14 57
40 5
9 69
49 22
65 22
34 24
18 51
12 15
5 40
49 6
2 26
65 12
65 44
6 9
42 36
19 39
3 42
28 12
38 60
17 29
8 34
36 25
11 47
24 15
13 72
21 71
24 69
66 15
40 55
23 65
17 26
14 4
67 41
72 31
28 15
43 35
48 5
44 58
35 67
57 31
49 4
12 72
56 62
13 6
43 20
70 44
45 11
47 22
35 45
53 62
59 6
8 17
68 35
58 29
12 41
28 60
55 42
11 43
54 16
13 57
70 40
12 64
13 34
9 41
70 71
10 59
62 26
53 23
10 9
18 51
52 61
5 33
29 72
60 66
72 56
50 52
22 45
42 18
62 50
58 42
31 67
28 19
19 7
25 12
72 26
46 50
13 51
67 41
33 37
34 31
3 67
9 24
22 34
25 68
11 9
36 25
2 47
28 4
38 52
72 36
62 45
70 1
22 47
26 54
10 43
20 69
4 19
41 38
43 19
32 35
39 56
20 12
10 23
33 46
5 69
34 49
49 18
54 22
27 19
15 69
14 10
15 17
12 40
42 38
69 72
7 36
2 3
29 24
35 1
12 30
18 61
62 20
41 10
46 59
8 26
72 17
40 73
12 63
37 49
32 17
31 38
52 32
24 7
39 59
65 51
72 66
38 61
69 62
70 42
48 62
67 30
5 17
29 1
7 50
33 22
66 64
43 28
6 67
18 45
52 66
6 50
21 43
38 31
2 63
62 63
40 19
51 57
31 51
47 7
11 68
56 58
21 67
63 14
69 18
49 45
23 10
14 49
30 36
7 31
25 52
20 65
54 71
32 12
32 5
2 26
56 58
10 60
35 73
1 30
17 49
2 24
42 72
34 72
62 13
59 41
17 34
21 71
65 32
29 53
18 55
19 59
48 5
20 47
5 34
48 38
19 71
63 17
69 61
51 58
58 20
9 1
53 13
71 28
29 26
7 46
64 9
31 39
13 50
69 2
67 27
39 12
24 28
29 4
73 63
45 57
66 37
57 29
49 38
56 4
47 46
49 38
54 6
60 66
40 55
67 33
9 16
45 16
28 57
19 11
30 47
67 6
10 34
34 59
55 73
62 28
29 22
65 9
27 51
58 50
17 36
10 9
35 38
24 46
5 27
56 18
73 33
23 67
50 40
52 31
39 24
59 67
45 34
59 56
69 27
32 12
46 25
20 65
62 27
37 50
53 20
67 37
36 16
30 13
55 65
43 4
72 12
54 44
46 23
10 41
50 41
36 6
50 39
70 38
65 18
15 45
21 65
65 56
8 21
68 46
12 22
34 10
17 14
37 62
37 30
13 70
55 32
59 31
70 40
68 46
57 66
17 4
58 65
43 49
12 22
5 7
43 38
73 43
52 37
32 72
66 28
52 31
60 21
61 40
60 40
12 43
32 12
30 73
3 73
48 14
21 53
20 47
1 4
16 36
40 31
34 16
43 69
47 29
17 34
52 60
57 64
30 16
2 43
72 62
26 31
2 46
67 6
3 67
9 3
30 32
17 47
31 59
27 61
71 43
6 50
29 62
24 42
61 25
69 60
70 21
17 72
51 10
61 37
60 53
39 16
68 40
47 9
9 73
70 7
26 2
40 38
64 63
51 71
59 37
68 6
37 50
56 46
21 20
16 57
42 32
51 8
62 59
17 61
55 7
70 40
46 34
30 19
24 64
16 9
11 67
72 47
43 38
3 63
41 18
30 10
33 7
1 21
50 1
65 15
7 61
55 36
22 68
38 29
58 54
22 68
31 20
41 1
57 27
47 25
44 4
18 61
67 18
8 43
3 73
42 9
44 23
29 65
17 66
21 58
30 42
52 61
45 3
45 12
13 2
36 40
62 53
27 56
55 19
9 57
18 50
49 45
56 61
37 56
54 41
40 67
66 2
38 37
61 9
48 57
24 68
56 31
50 38
69 68
31 52
69 64
12 41
47 72
61 13
36 12
37 30
4 22
51 24
67 44
55 50
38 33
73 20
64 34
42 59
12 72
22 8
46 33
32 3
31 3
16 51
14 36
64 17
57 41
24 34
11 62
11 48
22 67
68 69
11 20
38 23
2 59
14 47
2 29
50 17
31 49
67 44
11 57
44 51
24 67
12 19
55 6
66 60
72 44
55 67
63 20
16 64
5 13
38 64
41 71
7 71
46 73
41 56
40 11
33 47
61 44
65 26
33 58
13 32
12 67
9 2
13 24
49 2
36 70
65 60
67 55
57 39
38 8
21 4
18 38
34 62
65 26
14 25
67 26
40 5
4 48
63 73
55 39
58 1
35 33
60 13
14 27
34 51
56 38
35 4
56 23
68 8
20 3
1 30
26 62
33 57
52 16
38 1
1 22
19 33
65 31
47 18
66 8
51 48
30 69
51 12
2 29
3 22
16 60
51 41
48 67
9 10
9 30
10 9
52 13
26 43
43 72
45 35
63 6
66 3
2 27
14 3
56 73
8 55
59 42
22 34
35 14
27 28
44 21
20 22
33 45
48 2
27 19
21 1
9 70
3 10
24 1
69 6
73 4
44 59
29 49
3 48
63 29
2 33
49 5
38 8
34 12
67 60
15 71
44 23
67 47
16 17
31 68
6 30
55 49
72 11
25 1
58 71
14 43
30 62
47 67
54 7
62 31
51 60
28 21
66 5
51 8
22 8
60 11
22 41
60 20
51 68
5 19
65 18
61 5
63 35
71 27
25 43
57 2
30 68
7 22
73 41
14 5
49 57
15 54
24 58
57 59
36 61
4 11
62 65
15 36
10 69
62 34
39 30
20 52
24 10
57 7
50 54
11 9
37 10
62 61
67 46
30 14
17 33
24 63
24 23
25 33
18 70
51 40
26 70
18 50
63 2
40 39
55 51
32 3
60 20
47 37
49 3
35 50
58 23
43 7
47 2
24 27
36 64
53 16
65 13
5 50
52 28
16 13
59 18
72 62
64 20
22 66
53 55
11 37
4 53
43 34
39 51
60 1
25 39
17 16
35 5
66 71
32 8
10 17
9 66
6 72
12 11
48 64
65 58
28 68
38 54
28 3
15 14
60 39
37 3
39 55
8 31
52 23
22 62
40 30
54 29
12 49
39 59
39 14
43 50
8 64
15 19
66 29
32 37
68 52
39 33
34 30
47 12
53 52
57 3
8 21
15 19
69 37
61 19
50 14
68 41
5 66
59 54
22 17
17 73
53 40
32 13
69 62
24 32
40 65
18 31
12 32
33 8
52 20
10 28
33 61
52 21
54 37
38 2
2 58
17 41
16 29
21 61
27 36
27 54
41 39
69 73
30 48
3 39
59 19
26 38
40 63
58 25
64 22
26 48
22 67
47 34
71 18
70 33
28 7
13 68
29 66
67 58
40 53
7 9
72 17
30 38
6 15
62 54
20 71
12 42
48 43
2 45
60 55
5 72
62 1
66 1
66 44
43 16
23 49
25 21
49 38
42 39
52 14
19 72
12 14
24 43
56 9
15 27
48 3
25 20
60 1
20 37
44 62
52 51
22 60
55 70
25 24
35 60
42 37
32 51
65 2
17 58
73 27
32 2
61 51
36 70
24 6
43 60
40 64
46 22
44 54
45 63
41 65
10 9
24 44
58 9
61 26
8 14
57 9
49 18
53 11
71 61
73 40
47 40
14 3
61 42
57 16
15 8
7 24
73 14
68 41
22 39
66 29
36 49
21 11
66 1
5 48
61 62
14 18
4 12
56 53
60 71
61 51
1 51
2 52
18 7
17 68
36 53
27 40
47 4
40 36
51 11
24 64
12 19
59 16
58 22
59 39
72 37
26 73
71 11
51 72
2 68
66 21
31 20
60 4
7 11
39 57
5 46
47 17
48 17
38 32
1 70
37 21
7 36
2 17
70 1
18 48
50 38
5 53
9 66
59 19
31 26
23 61
57 39
19 73
54 51
37 39
47 73
59 37
19 61
38 73
45 55
47 5
4 36
42 69
28 11
14 42
37 36
29 20
59 48
19 23
9 39
61 39
23 47
3 41
18 40
40 46
5 71
50 65
33 2
60 44
70 57
12 33
20 25
36 62
56 38
11 64
3 72
13 25
29 15
50 30
38 73
2 43
70 35
18 13
37 62
56 33
45 68
49 64
19 11
36 58
48 47
48 34
29 60
59 41
59 35
70 23
18 55
49 15
16 67
27 36
39 67
52 10
61 11
58 63
21 20
47 52
50 5
70 5
48 39
45 33
57 25
40 1
6 15
15 6
65 26
41 30
19 4
40 63
14 8
52 19
27 9
54 4
13 50
8 60
15 37
4 71
45 43
72 51
41 70
40 17
22 7
30 40
67 69
13 8
60 64
26 14
72 6
17 68
56 8
39 54
28 42
52 73
68 34
34 19
30 73
35 52
63 65
2 57
44 15
64 31
62 73
28 45
62 44
39 44
35 61
9 47
13 60
46 64
20 63
10 49
46 28
11 35
3 70
2 31
68 49
45 56
48 72
27 37
26 50
64 60
21 72
33 34
42 62
24 45
35 17
5 7
45 15
26 47
68 27
4 62
3 48
29 34
30 39
54 55
15 29
26 20
11 42
31 53
60 8
49 4
12 56
32 11
8 5
5 34
66 51
20 24
6 38
54 44
18 35
43 46
60 62
57 13
25 20
27 11
27 2
71 23
57 29
33 48
34 21
66 10
71 69
33 3
33 70
47 51
32 16
7 2
61 47
14 12
50 40
22 61
42 20
10 9
32 26
41 65
46 33
58 44
28 18
30 61
14 3
22 29
2 28
15 46
59 28
57 35
52 63
22 4
66 31
69 24
56 36
73 29
68 57
56 7
58 12
51 56
11 72
57 10
9 30
68 37
13 30
72 59
35 2
51 66
70 2
32 33
58 44
11 41
26 17
10 22
